-7 1
-7 2
-5 1
-5 2
-5 2
-5 2
-3 3
-7 3
-7 1
-7 2
-5 1
-5 2
-5 2
-5 2
-7 3
-10 3
-7 1
-7 2
-5 1
-5 2
-5 2
-5 2
-3 3
-7 3
-7 1
-7 2
-5 1
-5 2
-3 2
0 2
-1 3
-5 3
-5 1
-1 3
-5 1
-3 2
-7 3
0 3
-1 3
-3 1
-3 3
-1 1
-1 2
-5 3
0 3
-1 3
-5 1
-1 2
-5 2
-5 1
-3 2
-7 2
-7 5
-10 1
-8 1
-7 3
-5 2
-10 2
-10 8
-5 1
-1 3
-5 1
-3 2
-7 3
0 3
-1 3
-3 1
-3 3
-1 1
-1 2
-5 3
0 3
-1 3
-5 1
-1 2
-5 2
-5 1
-3 2
-7 2
-7 5
-10 1
-8 1
-7 3
-5 2
-10 2
-10 8
2 1
4 1
5 3
4 2
2 1
0 2
0 2
-1 5
-1 1
-1 1
-1 2
-5 2
-5 1
-7 2
-5 2
-7 5
2 1
4 1
5 2
4 2
2 1
0 2 
0 2
-1 5
-1 1
-1 1
-1 2
-5 2
-5 1
-7 2
7 2
-5 7
-1 2
0 2
-1 2
0 2
2 3
0 3
0 1
-1 3
-3 2
-5 2
-7 2
-3 3
-5 3
-1 1
-1 2
-1 1
0 2
-1 2
0 2
2 3
0 3
0 2
0 2
-2 2
2 2
2 2
0 2
-2 1
-5 3
-7 1
-7 2
-5 1
-5 2
-5 2
-5 2
-3 3
-7 3
-7 1
-7 2
-5 1
-5 2
-5 2
-5 2
-7 3
-10 3
-7 1
-7 2
-5 1
-5 2
-5 2
-5 2
-3 3
-7 3
-7 1
-7 2
-5 1
-5 2
-3 2
0 2
-1 3
-5 3
